15.962 -27 268 387
16.064 -35 272 393
16.166 -32 271 394
16.267 -31 273 394
16.369 -30 272 389
16.470 -33 272 396
16.572 -1 267 392
16.674 30 271 383
16.776 36 286 374
16.877 23 292 383
16.979 23 291 384
17.081 9 296 385
17.182 -8 318 376
17.284 -34 345 367
17.386 -60 363 354
17.487 -79 401 320
17.589 -99 463 234
17.691 -103 503 147
17.793 -87 523 43
17.894 -78 526 -41
17.996 -55 498 -114
18.098 -29 492 -149
18.200 -18 497 -147
18.302 -15 494 -156
18.403 -11 468 -226
18.505 51 404 -311
18.607 131 335 -341
18.709 145 340 -337
18.810 111 372 -316
18.912 131 336 -330
19.014 218 256 -339
19.116 278 212 -308
19.218 339 140 -270
19.319 386 70 -227
19.421 408 -3 -180
19.523 422 -78 -134
19.624 415 -120 -93
19.726 410 -127 -140
19.828 394 -96 -213
19.930 350 -72 -288
20.031 280 -68 -379
20.133 271 -131 -374
20.235 258 -172 -374
20.336 211 -143 -430
20.438 102 -109 -492
20.540 15 -164 -510
20.642 0 -266 -484
20.743 -29 -311 -463
20.845 -133 -283 -478
20.947 -237 -259 -470
21.049 -350 -227 -425
21.150 -433 -247 -354
21.252 -445 -291 -309
21.354 -448 -352 -252
21.456 -459 -380 -181
21.557 -486 -382 -74
21.659 -517 -352 71
21.761 -488 -282 231
21.862 -478 -207 319
21.964 -482 -36 359
22.066 -458 121 343
22.168 -436 307 234
22.269 -391 423 49
22.371 -336 436 -144
22.473 -301 390 -274
22.575 -267 299 -385
22.676 -214 176 -478
22.778 -143 27 -518
22.880 -107 -82 -519
22.981 -79 -162 -502
23.083 -36 -247 -463
23.185 -1 -332 -406
23.287 42 -385 -343
23.388 62 -410 -313
23.490 18 -396 -351
23.592 -42 -332 -420
23.693 -107 -309 -438
23.795 -157 -300 -436
23.897 -207 -302 -423
23.999 -276 -297 -402
24.101 -340 -288 -367
24.202 -386 -287 -321
24.304 -422 -316 -281
24.406 -441 -337 -234
24.508 -473 -273 -240
24.609 -523 -176 -231
24.711 -558 -43 -186
24.813 -564 120 -76
24.914 -498 252 68
25.016 -433 254 215
25.118 -374 131 370
25.220 -290 -46 450
25.321 -227 -116 473
25.423 -165 -26 484
25.525 -105 105 468
25.626 -89 269 379
25.728 -80 412 192
25.830 -108 459 30
25.932 -166 432 -107
26.034 -239 373 -227
26.135 -292 264 -337
26.237 -329 116 -417
26.339 -353 -67 -434
26.440 -344 -248 -396
26.542 -310 -394 -312
26.644 -253 -488 -210
26.745 -163 -556 -55
26.847 -41 -545 101
26.949 105 -496 160
27.051 206 -445 134
27.153 276 -385 116
27.254 318 -342 105
27.356 357 -272 83
27.458 391 -198 58
27.559 401 -158 56
27.661 404 -167 47
27.763 381 -237 39
27.865 323 -356 42
27.966 209 -465 21
28.068 73 -544 -1
28.170 -86 -573 13
28.272 -278 -538 -33
28.374 -433 -428 -86
28.475 -548 -267 -61
28.577 -598 -103 -27
28.679 -584 86 -5
28.781 -527 225 -22
28.883 -479 271 -164
28.985 -403 181 -356
29.086 -369 -95 -445
29.188 -378 -347 -312
29.290 -396 -438 -155
29.391 -398 -465 -46
29.493 -348 -488 47
29.595 -262 -503 151
29.697 -154 -491 245
29.798 -36 -431 338
29.900 87 -271 420
30.002 174 -107 428
30.104 221 -21 406
30.205 226 -37 402
30.307 202 -113 414
30.409 139 -167 441
30.511 23 -214 474
30.612 -101 -225 483
30.714 -239 -200 468
30.816 -368 -189 412
30.917 -478 -169 305
31.019 -553 -96 214
31.121 -566 37 164
31.223 -548 167 93
31.324 -521 233 35
31.426 -503 267 -47
31.528 -455 268 -214
31.630 -341 193 -400
31.732 -215 41 -504
31.833 -156 -182 -505
31.935 -125 -410 -376
32.037 -129 -561 -58
32.138 -125 -504 221
32.240 -58 -379 383
32.342 38 -329 394
32.443 66 -431 300
32.545 -11 -548 74
32.647 -141 -503 -209
32.749 -294 -287 -398
32.851 -382 -40 -415
32.952 -416 136 -350
33.054 -441 237 -250
33.156 -463 282 -115
33.258 -477 278 70
33.359 -461 227 204
33.461 -421 221 262
33.563 -386 263 266
33.665 -312 345 234
33.766 -249 384 216
33.868 -188 391 221
33.970 -138 390 248
34.071 -100 372 274
34.173 -95 368 280
34.275 -108 380 266
34.376 -132 394 243
34.478 -168 407 218
34.580 -190 407 207
34.682 -180 415 198
34.784 -149 421 200
34.885 -118 420 207
34.987 -92 408 235
35.089 -68 391 256
35.190 -55 384 282
35.292 -47 363 306
35.394 -32 340 329
35.495 -31 324 343
35.597 -31 307 366
35.699 -43 300 379
35.801 -57 294 387
35.902 -55 278 402
36.004 -45 249 422
36.106 -38 240 426
36.207 -36 246 434
36.309 -38 234 441
36.411 -67 243 433
36.512 -78 258 423
36.614 -67 278 410
36.716 -76 285 406
36.818 -73 276 412
36.920 -73 279 403
37.021 -71 283 406
37.123 -70 279 409
37.225 -66 278 410
37.326 -74 275 405
37.428 -73 276 412
37.530 -73 279 409
37.631 -74 279 407