15.962 -26 -406 369
16.064 -198 -377 360
16.166 -196 -378 368
16.267 -203 -375 368
16.369 -199 -373 371
16.471 -201 -359 366
16.573 -201 -377 372
16.674 -200 -375 365
16.776 -197 -377 366
16.878 -202 -378 364
16.979 -196 -372 360
17.081 -202 -374 365
17.183 -194 -374 366
17.284 -199 -375 363
17.386 -201 -379 371
17.488 -202 -372 364
17.590 -202 -370 364
17.692 -200 -376 363
17.793 -197 -378 370
17.895 -201 -375 364
17.997 -199 -377 364
18.098 -202 -372 361
18.200 -202 -373 364
18.302 -200 -370 366
18.403 -194 -361 365
18.505 -196 -372 368
18.607 -197 -372 357
18.709 -200 -377 365
18.810 -196 -370 368
18.912 -202 -372 361
19.014 -196 -369 367
19.115 -203 -373 365
19.217 -197 -370 365
19.319 -199 -370 370
19.420 -196 -379 372
19.522 -198 -374 366
19.624 -196 -372 358
19.725 -209 -363 368
19.827 -230 -348 365
19.929 -242 -373 350
20.031 -242 -396 324
20.132 -254 -418 302
20.234 -278 -422 284
20.336 -295 -441 260
20.437 -316 -450 220
20.539 -331 -479 162
20.641 -333 -492 105
20.743 -331 -505 47
20.844 -319 -514 2
20.946 -317 -514 -34
21.048 -325 -512 -73
21.149 -328 -504 -96
21.251 -330 -495 -129
21.353 -326 -492 -160
21.455 -330 -477 -190
21.556 -321 -459 -221
21.658 -317 -434 -261
21.760 -304 -418 -309
21.862 -285 -379 -364
21.963 -254 -327 -414
22.065 -229 -275 -452
22.167 -218 -226 -474
22.269 -214 -203 -483
22.370 -198 -185 -495
22.472 -182 -158 -503
22.574 -149 -126 -508
22.676 -111 -69 -521
22.777 -53 4 -518
22.879 -3 71 -512
22.981 24 104 -490
23.082 37 115 -479
23.184 27 116 -481
23.286 18 126 -481
23.387 27 127 -479
23.489 54 142 -471
23.591 74 145 -454
23.693 95 149 -446
23.795 111 167 -440
23.896 114 188 -418
23.998 127 215 -400
24.100 141 236 -374
24.201 147 253 -363
24.303 156 257 -354
24.405 170 238 -356
24.506 189 226 -353
24.608 218 220 -333
24.710 245 240 -300
24.812 263 272 -224
24.913 282 302 -141
25.015 295 309 -38
25.117 305 301 58
25.218 299 278 148
25.320 290 263 198
25.422 278 248 230
25.524 269 243 250
25.625 267 229 274
25.727 264 216 287
25.829 251 193 319
25.931 229 160 364
26.032 229 136 382
26.134 253 134 355
26.236 263 122 356
26.338 236 107 385
26.439 207 119 404
26.541 200 112 407
26.643 177 94 425
26.745 163 83 437
26.846 151 85 441
26.948 141 102 443
27.050 144 112 443
27.152 149 104 434
27.253 169 92 430
27.355 204 96 416
27.457 199 82 417
27.558 188 72 432
27.660 176 67 432
27.762 168 42 448
27.864 147 39 462
27.965 116 21 463
28.067 97 11 482
28.169 78 -18 488
28.271 54 -37 498
28.373 33 -43 503
28.474 7 -55 510
28.576 -18 -64 507
28.678 -55 -75 508
28.780 -91 -96 510
28.882 -125 -114 510
28.983 -154 -127 504
29.085 -173 -136 499
29.187 -225 -131 480
29.289 -245 -147 474
29.390 -227 -135 483
29.492 -196 -134 496
29.594 -149 -149 491
29.696 -117 -180 494
29.797 -97 -202 488
29.899 -84 -221 475
30.001 -82 -234 470
30.102 -84 -244 466
30.204 -77 -238 470
30.306 -67 -252 470
30.408 -54 -274 465
30.510 -33 -283 458
30.611 -12 -294 442
30.713 -9 -306 431
30.815 20 -325 419
30.917 51 -344 388
31.018 103 -396 341
31.120 147 -427 261
31.222 177 -461 162
31.324 198 -474 49
31.426 216 -470 -31
31.527 194 -478 -87
31.629 148 -494 -129
31.731 115 -500 -173
31.832 54 -513 -216
31.934 14 -498 -259
32.036 10 -466 -302
32.138 50 -449 -328
32.239 83 -438 -316
32.341 73 -415 -350
32.443 12 -396 -388
32.545 -67 -380 -419
32.646 -140 -349 -430
32.748 -185 -299 -462
32.850 -227 -254 -474
32.951 -259 -204 -480
33.053 -312 -147 -474
33.155 -374 -83 -447
33.257 -430 -27 -405
33.358 -470 -2 -362
33.460 -511 10 -312
33.562 -534 18 -283
33.663 -553 18 -246
33.765 -570 17 -195
33.867 -594 0 -126
33.968 -604 -16 -47
34.070 -600 -30 19
34.172 -593 -58 81
34.274 -581 -80 122
34.376 -564 -105 169
34.477 -546 -119 203
34.579 -525 -139 220
34.681 -507 -163 242
34.783 -481 -195 275
34.884 -443 -225 313
34.986 -412 -245 332
35.088 -384 -276 333
35.190 -382 -298 321
35.292 -382 -313 317
35.393 -377 -330 309
35.495 -367 -342 301
35.597 -348 -356 312
35.699 -318 -358 324
35.801 -292 -360 340
35.902 -267 -370 340
36.004 -247 -381 343
36.106 -214 -391 353
36.207 -184 -397 357
36.309 -154 -413 354
36.411 -122 -425 346
36.512 -100 -432 341
36.614 -79 -441 335
36.716 -72 -444 332
36.818 -85 -454 316
36.919 -68 -482 278
37.021 -50 -494 262
37.123 0 -495 251
37.224 52 -494 227
37.326 76 -499 210
37.428 62 -517 180
37.529 34 -541 140
37.631 -2 -567 60
37.733 -18 -576 -15
37.835 -52 -573 -86
37.936 -80 -560 -151
38.038 -111 -532 -245
38.140 -149 -485 -303
38.241 -196 -451 -340
38.343 -227 -409 -373
38.445 -240 -374 -393
38.546 -263 -336 -418
38.648 -281 -312 -426
38.750 -309 -281 -431
38.851 -346 -243 -423
38.953 -372 -202 -428
39.055 -394 -154 -427
39.156 -428 -79 -414
39.258 -463 -6 -373
39.360 -498 25 -323
39.461 -519 40 -294
39.563 -547 33 -245
39.665 -565 25 -205
39.767 -572 39 -180
39.868 -577 62 -139
39.970 -593 71 -63
40.072 -595 79 -10
40.173 -592 73 29
40.275 -588 71 87
40.377 -551 41 202
40.478 -497 26 298
40.580 -433 -19 374
40.682 -377 -76 423
40.783 -343 -139 436
40.885 -333 -202 423
40.987 -326 -245 407
41.089 -300 -260 417
41.191 -255 -267 434
41.292 -225 -276 441
41.394 -231 -298 422
41.496 -254 -314 407
41.598 -238 -320 404
41.700 -226 -329 403
41.801 -227 -344 394
41.903 -216 -354 393
42.005 -190 -358 393
42.107 -156 -373 391
42.208 -104 -385 390
42.310 -45 -384 389
42.412 2 -356 405
42.514 52 -330 415
42.615 91 -294 416
42.717 108 -276 420
42.819 124 -241 432
42.920 138 -189 447
43.022 147 -140 446
43.124 145 -78 455
43.226 147 -10 463
43.327 143 48 454
43.429 123 98 441
43.531 87 131 446
43.633 47 145 457
43.734 3 154 456
43.836 -24 169 459
43.938 -66 169 454
44.039 -93 163 463
44.141 -120 151 467
44.243 -122 149 463
44.345 -129 132 471
44.446 -145 96 488
44.548 -184 83 478
44.650 -240 71 465
44.751 -274 30 456
44.853 -298 -10 451
44.955 -304 -51 458
45.056 -291 -103 454
45.158 -261 -158 461
45.260 -232 -207 461
45.362 -207 -225 458
45.463 -199 -242 454
45.565 -206 -278 443
45.667 -207 -303 419
45.768 -199 -330 413
45.870 -194 -343 399
45.972 -189 -342 402
46.074 -172 -375 389
46.175 -187 -393 358
46.277 -196 -401 353
46.379 -185 -401 358
46.481 -149 -386 387
46.582 -129 -387 388
46.684 -111 -400 378
46.786 -112 -392 374
46.887 -98 -394 378
46.989 -86 -398 385
47.091 -92 -401 374
47.193 -80 -399 380
47.294 -36 -389 378
47.396 35 -375 385
47.498 116 -315 386
47.600 179 -232 394
47.701 230 -96 404
47.803 235 32 396
47.905 186 104 414
48.006 94 140 441
48.108 -42 131 471
48.210 -185 59 477
48.312 -318 -78 434
48.413 -412 -252 318
48.515 -392 -434 136
48.617 -276 -526 -15
48.718 -132 -552 -137
48.820 42 -503 -229
48.922 166 -377 -339
49.023 161 -200 -446
49.125 62 -124 -496
49.227 -80 -71 -510
49.329 -254 -6 -479
49.431 -453 75 -316
49.532 -534 93 -148
49.634 -571 62 -26
49.736 -568 6 87
49.837 -523 -65 230
49.939 -426 -131 348
50.041 -295 -198 425
50.143 -156 -271 440
50.244 13 -336 403
50.346 165 -336 341
50.448 257 -287 294
50.550 339 -220 230
50.651 396 -61 173
50.753 393 88 149
50.855 331 235 141
50.956 209 351 158
51.058 12 428 182
51.160 -173 414 200
51.262 -352 339 189
51.364 -494 211 135
51.465 -579 -9 46
51.567 -546 -221 2
51.669 -451 -390 -4
51.770 -307 -504 -11
51.872 -74 -543 -109
51.974 136 -481 -156
52.075 296 -360 -118
52.177 390 -195 -68
52.279 414 26 1
52.381 329 238 23
52.483 199 368 6
52.584 49 437 -29
52.686 -104 457 -50
52.788 -241 426 -52
52.890 -337 369 -39
52.992 -401 321 -16
53.093 -443 268 45
53.195 -479 181 116
53.297 -470 112 200
53.399 -432 49 298
53.501 -374 -11 367
53.602 -332 -45 396
53.704 -336 -71 404
53.806 -329 -73 410
53.908 -316 -51 413
54.010 -314 -31 419
54.111 -256 -14 450
54.213 -134 52 468
54.315 -2 163 431
54.417 65 276 339
54.518 37 359 269
54.620 -69 399 229
54.722 -246 392 184
54.824 -436 288 116
54.926 -558 79 49
55.027 -562 -158 -11
55.129 -456 -370 -25
55.231 -278 -507 -23
55.332 -105 -555 -14
55.434 55 -530 -43
55.536 189 -468 -74
55.638 274 -384 -128
55.739 223 -316 -305
55.841 -71 -214 -478
55.943 -398 -40 -393
56.045 -543 109 -105
56.147 -490 190 151
56.248 -359 185 336
56.350 -168 113 457
56.452 73 23 460
56.553 234 -73 382
56.655 331 -174 249
56.757 360 -252 114
56.859 340 -323 -21
56.960 276 -382 -85
57.062 216 -439 -126
57.164 183 -459 -144
57.266 166 -465 -132
57.368 173 -473 -91
57.470 165 -487 -75
57.571 118 -506 -73
57.673 87 -524 -56
57.775 29 -539 -29
57.877 -67 -552 6
57.979 -180 -540 78
58.081 -282 -485 157
58.182 -358 -420 196
58.284 -405 -356 226
58.386 -425 -309 250
58.488 -443 -225 294
58.590 -454 -143 312
58.691 -454 -42 323
58.793 -441 87 321
58.895 -387 235 292
58.997 -294 348 245
59.099 -172 420 193
59.201 -63 448 157
59.303 45 425 160
59.404 151 394 129
59.506 244 338 67
59.608 312 274 -36
59.710 345 185 -146
59.812 330 90 -247
59.913 249 -29 -368
60.015 131 -132 -439
60.117 -18 -244 -439
60.219 -119 -320 -406
60.320 -200 -377 -339
60.422 -249 -446 -235
60.524 -212 -520 -80
60.625 -119 -538 58
60.727 31 -505 149
60.829 203 -420 158
60.931 348 -283 87
61.033 407 -127 -33
61.135 392 29 -122
61.236 336 128 -188
61.338 318 102 -253
61.440 319 -68 -289
61.541 289 -185 -290
61.643 232 -279 -298
61.745 141 -383 -283
61.847 6 -472 -259
61.949 -129 -486 -236
62.051 -285 -449 -218
62.152 -425 -353 -191
62.254 -530 -179 -176
62.356 -556 -18 -148
62.457 -537 136 -99
62.559 -478 263 -49
62.661 -384 366 38
62.763 -255 417 131
62.865 -68 433 196
62.966 83 398 209
63.068 207 317 225
63.170 276 232 239
63.272 304 117 292
63.373 287 29 334
63.475 239 -41 383
63.577 204 -75 407
63.678 176 -91 422
63.780 151 -74 438
63.882 120 -24 452
63.984 80 1 463
64.086 55 3 479
64.187 38 20 478
64.289 52 67 467
64.391 62 121 447
64.493 30 156 445
64.594 -5 136 458
64.696 -31 78 484
64.798 -46 13 493
64.900 -79 -72 501
65.002 -111 -185 480
65.103 -125 -279 440
65.205 -152 -359 394
65.307 -213 -425 310
65.408 -276 -477 192
65.510 -336 -478 95
65.612 -421 -423 46
65.714 -501 -319 29
65.816 -568 -158 49
65.917 -564 75 67
66.019 -478 266 67
66.121 -336 394 111
66.223 -199 423 189
66.325 -120 393 272
66.426 -89 372 303
66.528 -49 345 330
66.630 27 273 376
66.731 158 140 401
66.833 244 -60 371
66.935 242 -242 321
67.037 263 -286 257
67.139 290 -232 261
67.240 278 -207 282
67.342 274 -201 288
67.444 292 -122 295
67.546 312 20 282
67.647 335 158 151
67.749 312 254 18
67.851 203 350 -112
67.953 36 394 -231
68.055 -143 365 -314
68.156 -278 265 -356
68.258 -347 168 -382
68.360 -431 46 -369
68.462 -475 -173 -319
68.564 -419 -351 -236
68.666 -318 -486 -139
68.767 -189 -548 -58
68.869 -40 -557 31
68.971 120 -511 91
69.073 263 -399 129
69.175 343 -256 170
69.276 373 -92 210
69.378 368 -4 214
69.480 351 58 218
69.582 350 85 209
69.683 343 98 209
69.785 340 145 182
69.887 327 195 134
69.989 323 223 98
70.090 315 248 79
70.192 292 273 56
70.294 275 297 86
70.396 247 308 121
70.497 226 320 143
70.599 190 344 144
70.701 155 377 129
70.803 103 406 126
70.904 16 433 147
71.006 -115 425 188
71.108 -278 324 281
71.210 -401 67 360
71.311 -380 -253 332
71.413 -191 -471 240
71.515 7 -536 93
71.617 186 -465 -107
71.718 323 -187 -265
71.820 275 122 -303
71.922 170 268 -301
72.024 16 328 -319
72.126 -196 282 -363
72.227 -357 214 -316
72.329 -490 147 -181
72.431 -548 85 12
72.533 -505 -54 218
72.635 -406 -121 339
72.736 -292 -129 419
72.838 -165 -128 461
72.940 -66 -110 479
73.042 25 -62 468
73.144 108 3 441
73.245 151 32 423
73.347 138 18 431
73.449 98 5 446
73.551 57 -77 462
73.652 33 -193 448
73.754 -69 -280 423
73.856 -232 -323 368
73.958 -363 -281 315
74.059 -474 -167 248
74.161 -562 0 60
74.263 -488 147 -209
74.365 -311 124 -409
74.467 -223 -22 -476
74.568 -285 -202 -418
74.670 -405 -366 -173
74.772 -461 -334 95
74.874 -471 -184 253
74.975 -461 13 305
75.077 -361 247 290
75.179 -192 391 248
75.281 7 404 231
75.382 165 340 224
75.484 279 170 266
75.586 281 -64 335
75.688 108 -254 394
75.789 -115 -291 427
75.891 -312 -189 412
75.993 -469 -15 318
76.094 -555 114 70
76.196 -503 157 -206
76.298 -345 126 -407
76.400 -149 14 -499
76.501 49 -96 -478
76.603 200 -233 -349
76.705 259 -354 -148
76.806 267 -379 -15
76.908 290 -340 78
77.010 335 -274 109
77.111 368 -223 27
77.213 368 -227 0
77.315 361 -238 63
77.417 336 -259 123
77.518 272 -323 189
77.620 88 -367 328
77.722 -102 -303 419
77.824 -202 -160 460
77.926 -187 -93 477
78.027 -153 -137 480
78.129 -157 -203 459
78.231 -254 -252 413
78.333 -402 -235 329
78.435 -529 -178 158
78.537 -565 -168 1
78.638 -579 -119 -13
78.740 -576 -127 54
78.842 -533 -187 140
78.944 -425 -218 312
79.046 -244 -174 447
79.147 63 -80 471
79.249 307 111 272
79.351 285 304 56
79.453 145 417 -3
79.554 -35 479 17
79.656 -227 437 135
79.758 -341 313 257
79.860 -407 121 345
79.962 -386 -85 386
80.064 -317 -266 370
80.165 -229 -437 256
80.267 -77 -544 34
80.369 123 -488 -98
80.470 311 -292 -160
80.572 368 -75 -163
80.674 343 145 -162
80.776 226 325 -164
80.878 34 413 -193
80.980 -111 402 -239
81.081 -242 340 -286
81.183 -325 233 -337
81.285 -373 98 -360
81.387 -433 62 -310
81.488 -435 104 -298
81.590 -376 169 -327
81.692 -341 132 -369
81.794 -376 39 -380
81.895 -459 -10 -298
81.997 -531 41 -170
82.099 -495 223 -36
82.201 -324 401 21
82.303 -84 468 -30
82.405 144 405 -116
82.506 337 210 -95
82.608 404 -20 -40
82.710 356 -250 42
82.812 251 -378 128
82.913 133 -427 215
83.015 18 -425 301
83.117 -163 -350 387
83.219 -343 -207 399
83.321 -491 -24 300
83.423 -553 107 154
83.524 -593 63 29
83.626 -574 -187 45
83.728 -334 -439 193
83.830 -50 -471 269
83.932 169 -328 331
84.033 300 -116 314
84.135 371 59 189
84.237 396 95 82
84.339 410 40 31
84.440 389 -105 120
84.542 241 -256 308
84.644 -25 -223 454
84.746 -186 -5 485
84.848 -170 198 434
84.949 -67 300 374
85.051 20 300 362
85.153 18 291 365
85.255 -43 376 287
85.356 -169 447 127
85.458 -348 394 -120
85.560 -459 138 -297
85.662 -368 -173 -384
85.764 -98 -367 -377
85.865 174 -313 -312
85.967 326 -131 -243
86.069 341 96 -195
86.171 230 321 -123
86.273 27 436 -36
86.374 -190 446 -18
86.476 -400 328 -6
86.578 -511 173 15
86.680 -516 153 -10
86.781 -502 176 29
86.883 -478 202 74
86.985 -435 223 164
87.087 -387 289 145
87.189 -399 307 58
87.291 -422 285 30
87.392 -416 288 -18
87.494 -354 351 -46
87.596 -212 420 38
87.698 -80 401 200
87.799 25 316 320
87.901 174 227 305
88.003 363 109 118
88.105 348 -210 -121
88.207 45 -515 19
88.308 -382 -321 270
88.410 -467 105 258
88.512 -280 389 169
88.614 -2 448 113
88.715 182 321 211
88.817 173 251 300
88.919 27 292 348
89.021 -190 380 248
89.123 -288 422 -75
89.224 -97 261 -412
89.326 71 -80 -472
89.428 90 -297 -386
89.530 -45 -465 -255
89.631 -163 -534 -16
89.733 -223 -473 180
89.835 -282 -434 216
89.937 -304 -454 137
90.039 -298 -482 82
90.140 -285 -486 88
90.242 -294 -472 120
90.344 -294 -455 167
90.446 -265 -444 221
90.547 -231 -422 281
90.649 -197 -401 317
90.751 -153 -390 337
90.853 -163 -390 350
90.955 -166 -377 369
91.056 -165 -361 381
91.158 -145 -347 400
91.260 -123 -339 409
91.362 -118 -323 423
91.463 -149 -305 431
91.565 -202 -272 439
91.667 -258 -260 423
91.768 -278 -258 405
91.870 -291 -284 386
91.972 -269 -263 411
92.074 -234 -283 414
92.176 -188 -321 405
92.278 -170 -347 399
92.379 -121 -393 371
92.481 -107 -401 365
92.583 -109 -400 366
92.684 -112 -394 360
92.786 -111 -398 360
92.888 -116 -402 368
92.990 -104 -398 365
93.092 -105 -398 371