   -27   268   387
   -35   272   393
   -32   271   394
   -31   273   394
   -30   272   389
   -33   272   396
    -1   267   392
    30   271   383
    36   286   374
    23   292   383
    23   291   384
     9   296   385
    -8   318   376
   -34   345   367
   -60   363   354
   -79   401   320
   -99   463   234
  -103   503   147
   -87   523    43
   -78   526   -41
   -55   498  -114
   -29   492  -149
   -18   497  -147
   -15   494  -156
   -11   468  -226
    51   404  -311
   131   335  -341
   145   340  -337
   111   372  -316
   131   336  -330
   218   256  -339
   278   212  -308
   339   140  -270
   386    70  -227
   408    -3  -180
   422   -78  -134
   415  -120   -93
   410  -127  -140
   394   -96  -213
   350   -72  -288
   280   -68  -379
   271  -131  -374
   258  -172  -374
   211  -143  -430
   102  -109  -492
    15  -164  -510
     0  -266  -484
   -29  -311  -463
  -133  -283  -478
  -237  -259  -470
  -350  -227  -425
  -433  -247  -354
  -445  -291  -309
  -448  -352  -252
  -459  -380  -181
  -486  -382   -74
  -517  -352    71
  -488  -282   231
  -478  -207   319
  -482   -36   359
  -458   121   343
  -436   307   234
  -391   423    49
  -336   436  -144
  -301   390  -274
  -267   299  -385
  -214   176  -478
  -143    27  -518
  -107   -82  -519
   -79  -162  -502
   -36  -247  -463
    -1  -332  -406
    42  -385  -343
    62  -410  -313
    18  -396  -351
   -42  -332  -420
  -107  -309  -438
  -157  -300  -436
  -207  -302  -423
  -276  -297  -402
  -340  -288  -367
  -386  -287  -321
  -422  -316  -281
  -441  -337  -234
  -473  -273  -240
  -523  -176  -231
  -558   -43  -186
  -564   120   -76
  -498   252    68
  -433   254   215
  -374   131   370
  -290   -46   450
  -227  -116   473
  -165   -26   484
  -105   105   468
   -89   269   379
   -80   412   192
  -108   459    30
  -166   432  -107
  -239   373  -227
  -292   264  -337
  -329   116  -417
  -353   -67  -434
  -344  -248  -396
  -310  -394  -312
  -253  -488  -210
  -163  -556   -55
   -41  -545   101
   105  -496   160
   206  -445   134
   276  -385   116
   318  -342   105
   357  -272    83
   391  -198    58
   401  -158    56
   404  -167    47
   381  -237    39
   323  -356    42
   209  -465    21
    73  -544    -1
   -86  -573    13
  -278  -538   -33
  -433  -428   -86
  -548  -267   -61
  -598  -103   -27
  -584    86    -5
  -527   225   -22
  -479   271  -164
  -403   181  -356
  -369   -95  -445
  -378  -347  -312
  -396  -438  -155
  -398  -465   -46
  -348  -488    47
  -262  -503   151
  -154  -491   245
   -36  -431   338
    87  -271   420
   174  -107   428
   221   -21   406
   226   -37   402
   202  -113   414
   139  -167   441
    23  -214   474
  -101  -225   483
  -239  -200   468
  -368  -189   412
  -478  -169   305
  -553   -96   214
  -566    37   164
  -548   167    93
  -521   233    35
  -503   267   -47
  -455   268  -214
  -341   193  -400
  -215    41  -504
  -156  -182  -505
  -125  -410  -376
  -129  -561   -58
  -125  -504   221
   -58  -379   383
    38  -329   394
    66  -431   300
   -11  -548    74
  -141  -503  -209
  -294  -287  -398
  -382   -40  -415
  -416   136  -350
  -441   237  -250
  -463   282  -115
  -477   278    70
  -461   227   204
  -421   221   262
  -386   263   266
  -312   345   234
  -249   384   216
  -188   391   221
  -138   390   248
  -100   372   274
   -95   368   280
  -108   380   266
  -132   394   243
  -168   407   218
  -190   407   207
  -180   415   198
  -149   421   200
  -118   420   207
   -92   408   235
   -68   391   256
   -55   384   282
   -47   363   306
   -32   340   329
   -31   324   343
   -31   307   366
   -43   300   379
   -57   294   387
   -55   278   402
   -45   249   422
   -38   240   426
   -36   246   434
   -38   234   441
   -67   243   433
   -78   258   423
   -67   278   410
   -76   285   406
   -73   276   412
   -73   279   403
   -71   283   406
   -70   279   409
   -66   278   410
   -74   275   405
   -73   276   412
   -73   279   409
   -74   279   407