  -204  -357   365
  -206  -354   362
  -205  -356   359
  -209  -358   359
  -196  -356   362
  -209  -356   358
  -206  -361   362
  -206  -359   356
  -202  -358   364
  -198  -363   365
  -204  -357   362
  -204  -357   362
  -203  -356   362
  -207  -356   362
  -199  -361   363
  -201  -356   365
  -203  -355   364
  -203  -357   364
  -207  -356   362
  -203  -360   364
  -202  -358   365
  -205  -361   365
  -206  -361   365
  -202  -360   365
  -196  -354   360
  -207  -361   363
  -207  -361   365
  -205  -358   365
  -207  -359   365
  -209  -363   361
  -203  -360   360
  -204  -360   359
  -207  -358   363
  -209  -359   362
  -204  -357   365
  -203  -357   364
  -202  -355   364
  -205  -357   362
  -206  -357   361
  -206  -359   362
  -199  -356   360
  -203  -358   363
  -204  -360   365
  -202  -350   362
  -210  -359   365
  -203  -356   359
  -206  -360   362
  -191  -361   366
  -200  -340   378
  -214  -324   397
  -233  -340   370
  -247  -357   355
  -281  -370   329
  -302  -396   292
  -333  -417   240
  -363  -427   178
  -388  -439   119
  -405  -441    54
  -426  -434     9
  -422  -439   -37
  -411  -443   -85
  -396  -442  -128
  -377  -441  -160
  -374  -442  -178
  -364  -415  -222
  -347  -392  -276
  -317  -368  -338
  -267  -347  -386
  -234  -312  -421
  -206  -278  -450
  -173  -232  -476
  -128  -169  -506
   -84  -102  -512
   -42   -31  -521
    10    32  -502
    56    72  -490
    73    70  -490
    88    82  -473
   108   119  -454
   129   182  -417
   147   211  -402
   156   223  -380
   174   220  -373
   184   229  -360
   196   256  -332
   203   312  -272
   221   340  -203
   235   349  -155
   238   345  -109
   261   347   -47
   268   342    23
   270   330    87
   265   316   140
   247   296   210
   224   247   302
   197   164   377
   172    98   417
   140    62   450
   107    40   461
    74     2   485
    43   -35   490
     2   -75   500
   -35  -127   500
   -84  -194   477
  -125  -321   430
  -165  -400   346
  -209  -461   272
  -224  -484   233
  -233  -492   260
  -219  -468   297
  -203  -447   318
  -207  -457   319
  -203  -468   300
  -212  -484   272
  -210  -499   264
  -202  -503   252
  -174  -522   234
  -161  -522   231
  -144  -519   234
  -111  -530   231
   -77  -528   231
   -36  -518   245
     4  -526   217
    43  -541   152
    72  -543    49
    93  -532   -41
   107  -520  -135
   101  -498  -207
    91  -478  -254
    84  -458  -285
    80  -415  -337
    60  -353  -405
    36  -275  -462
    -3  -238  -481
   -42  -201  -503
   -93  -151  -518
  -137  -103  -529
  -194   -67  -519
  -239   -44  -510
  -274   -13  -495
  -314     0  -476
  -361     0  -453
  -387    11  -429
  -419     2  -409
  -435    11  -404
  -462    27  -366
  -481    29  -349
  -494    39  -337
  -510    49  -308
  -521    51  -292
  -518    63  -290
  -531    80  -268
  -541    77  -245
  -556    59  -227
  -564    56  -207
  -574    33  -198
  -588    16  -170
  -595    26  -129
  -606    39   -64
  -599    36    -4
  -605    18    60
  -572    11   140
  -548    15   202
  -537    11   230
  -521     5   245
  -523    11   258
  -515     7   266
  -503   -17   282
  -479   -58   310
  -468   -93   320
  -468  -114   321
  -443  -139   343
  -404  -169   362
  -376  -169   379
  -353  -168   390
  -334  -170   402
  -296  -179   423
  -275  -200   429
  -265  -225   426
  -272  -243   408
  -305  -241   398
  -332  -223   385
  -319  -227   390
  -292  -278   379
  -298  -340   338
  -281  -403   295
  -242  -407   294
  -197  -423   304
  -185  -448   290
  -207  -436   287
  -261  -405   305
  -294  -368   324
  -321  -317   349
  -353  -246   369
  -385  -168   370
  -417   -68   362
  -430    20   346
  -408    93   344
  -363   169   346
  -315   229   347
  -280   258   343
  -258   274   334
  -201   292   348
  -129   294   361
   -83   291   365
   -39   284   374
   -14   269   376
    11   254   388
    36   239   386
    74   223   385
   122   208   372
   154   202   356
   154   207   356
   135   229   356
   111   210   373
   115   215   372
   155   189   364
   197   128   362
   223    71   366
   239    33   363
   251    11   355
   258   -24   356
   257   -56   362
   243   -76   373
   214  -126   390
   190  -158   399
   216  -160   374
   282  -192   298
   268  -230   292
   213  -270   320
   185  -297   329
   189  -302   309
   204  -312   306
   209  -317   294
   203  -327   292
   191  -345   304
   169  -363   297
   145  -380   291
   136  -383   300
   132  -373   305
   137  -352   323
   149  -332   332
   172  -313   331
   202  -291   324
   209  -266   325
   190  -307   328
   147  -377   298
    91  -436   272
    34  -479   249
   -29  -494   239
   -77  -488   241
  -140  -479   243
  -199  -466   243
  -253  -434   229
  -304  -420   198
  -343  -408   158
  -348  -416   154
  -296  -443   151
  -221  -496   143
  -129  -534   117
     9  -543    96
   137  -511    64
   236  -456     4
   304  -365    -5
   370  -227    27
   381   -52   100
   323   143   182
   174   283   278
   -18   349   324
  -167   361   315
  -287   364   263
  -396   319   164
  -465   296   -61
  -379   285  -261
  -257   289  -356
  -242   349  -306
  -337   410  -112
  -377   377   113
  -383   225   282
  -207    48   455
    49  -100   451
   252  -233   299
   360  -243    73
   376  -179   -87
   359   -23  -183
   317   135  -223
   230   302  -207
    98   420  -165
  -100   483  -149
  -267   454  -151
  -394   372  -160
  -466   202  -217
  -451   -31  -312
  -323  -178  -390
  -220  -148  -447
  -240     3  -467
  -385   198  -326
  -459   325   -68
  -399   325   209
  -239   219   391
   -73    36   478
    63  -136   446
   149  -281   365
   202  -356   258
   238  -396   144
   254  -420    52
   259  -419   -53
   247  -381  -184
   205  -364  -255
   187  -377  -259
   194  -390  -241
   196  -403  -222
   182  -430  -191
   168  -454  -162
   182  -458  -125
   189  -465   -76
   196  -474    -3
   165  -485   105
   114  -467   204
    67  -454   227
    27  -469   227
     9  -477   210
     4  -469   214
    30  -457   234
    54  -441   245
   105  -437   220
   152  -441   174
   194  -433   122
   213  -430    91
   207  -429   102
   224  -416    94
   252  -396    80
   292  -370    45
   300  -341    -4
   284  -342   -56
   250  -366  -120
   229  -382  -158
   209  -394  -194
   192  -381  -207
   192  -370  -216
   197  -365  -207
   194  -387  -201
   196  -396  -165
   214  -408   -98
   222  -402   -38
   224  -406   -55
   202  -416  -118
   147  -423  -158
   100  -463  -155
    29  -501   -98
    -7  -519   -46
     4  -524   -35
   -18  -510    -6
   -31  -501    -2
   -27  -496    67
     9  -441   209
    87  -299   346
   160  -188   379
   227   -95   358
   265     6   332
   289   108   271
   331   183   134
   345   207   -45
   266   207  -262
   102   221  -383
   -31   246  -410
  -109   278  -394
  -147   281  -387
  -202   239  -401
  -285   217  -376
  -300   229  -356
  -198   281  -374
   -50   370  -299
    30   441  -149
     4   463     5
   -77   463   112
  -190   436   153
  -336   393   109
  -457   294   -72
  -453   160  -281
  -345   -34  -435
  -267  -254  -411
  -229  -454  -210
   -96  -527   -29
    62  -505    59
   246  -370   120
   369  -136   126
   396    56     0
   319   164  -204
   156   201  -361
   -43   166  -452
  -214    86  -465
  -345   -42  -422
  -402  -190  -341
  -366  -323  -290
  -243  -383  -319
  -170  -347  -379
  -224  -266  -419
  -264  -138  -441
  -239    -5  -468
  -239   128  -439
  -241   233  -380
  -266   308  -306
  -312   323  -250
  -368   289  -243
  -407   264  -225
  -430   281  -143
  -412   337     0
  -401   345    75
  -421   328    73
  -428   321   -43
  -333   366  -195
  -294   342  -241
  -333   318  -258
  -361   231  -324
  -220   110  -461
   -86     9  -496
  -121  -126  -490
  -290  -252  -397
  -485  -284  -139
  -407  -238   286
   -62  -154   461
   247   -48   344
   350    80   175
   276   282   104
   127   421   -27
  -134   414  -210
  -414   267  -233
  -556    58  -105
  -544  -212   -30
  -360  -439   -83
  -178  -479  -209
   -36  -364  -367
    51  -176  -445
    56    47  -459
    55   245  -360
    35   400  -164
   -35   454   -15
  -119   439   103
  -219   385   200
  -354   317   200
  -461   248   131
  -512   195    19
  -488   166  -177
  -417   205  -263
  -416   281  -187
  -358   356  -178
  -216   410  -227
   -29   421  -240
   124   332  -267
   113   141  -425
  -219  -110  -474
  -497  -282  -100
  -451  -302   178
  -410  -323   223
  -423  -334   183
  -466  -290   174
  -524  -174   146
  -569     1    36
  -516   197   -34
  -401   347    31
  -319   394   119
  -321   383   156
  -328   376   145
  -217   420   177
    17   447   124
   255   340     2
   358    58  -198
   138  -249  -386
  -127  -456  -284
  -232  -485  -163
  -239  -503   -92
  -236  -494  -125
  -225  -492  -165
  -202  -485  -176
  -190  -490  -180
  -176  -495  -186
  -147  -477  -221
  -138  -456  -263
  -125  -441  -285
  -127  -415  -321
  -185  -363  -356
  -283  -314  -351
  -352  -290  -308
  -378  -345  -222
  -336  -436   -76
  -227  -500     9
   -83  -528    38
    82  -497   -37
   189  -363  -254
   155  -218  -390
    99  -122  -446
    57   -27  -462
    30   137  -442
    18   302  -338
    10   394  -202
    13   426  -119
    65   417   -98
   115   401  -117
   194   309  -214
   271   100  -318
   335  -194  -221
   336  -314     0
   272  -300   241
   164  -186   399
     1     2   475
  -113   193   433
  -202   355   264
  -256   417   120
  -296   410    56
  -325   399    63
  -329   398    21
  -306   405   -58
  -214   433  -131
   -21   450  -151
   133   417   -31
   260   304   102
   337   131   193
   319  -119   274
   210  -238   339
    82  -161   441
   -63    21   479
  -217   150   416
  -346   145   358
  -421    66   321
  -461    16   287
  -476    16   280
  -456   103   268
  -399   219   250
  -316   332   183
  -246   407    82
  -192   419   -56
  -159   372  -234
  -184   243  -384
  -272   -39  -442
  -339  -307  -308
  -335  -441   -67
  -296  -428   175
  -205  -256   397
  -137   -22   459
   -88   165   427
   -30   262   365
    18   267   354
    15   278   343
   -16   332   303
   -55   401   214
   -82   437   125
  -141   454    53
  -176   451    26
  -199   443    -6
  -220   435    -5
  -254   423    -5
  -287   401   -27
  -301   392   -47
  -299   398   -41
  -280   408   -41
  -272   403   -95
  -278   379  -162
  -289   345  -239
  -300   266  -310
  -315   185  -365
  -329    82  -399
  -359    -3  -405
  -405  -113  -359
  -445  -227  -272
  -447  -325  -142
  -422  -386    -3
  -387  -381   141
  -385  -313   240
  -390  -240   308
  -405  -115   341
  -419   -67   343
  -413  -148   332
  -398  -296   264
  -381  -401   128
  -376  -423    -7
  -338  -441  -111
  -256  -463  -195
  -149  -445  -262
   -17  -392  -325
    87  -261  -400
   127   -64  -438
   127   152  -396
   105   331  -276
    88   412  -125
    51   439    67
   -20   386   250
  -165   311   327
  -332   283   272
  -426   289   119
  -483   241   -52
  -480   176  -190
  -425   183  -283
  -343   249  -311
  -229   357  -269
   -80   446  -131
    35   452    25
    77   410   155
    49   339   283
    13   216   396
   -87   160   438
  -199   112   437
  -294    38   414
  -421   -58   321
  -504  -105   192
  -519  -144   107
  -518  -210    56
  -493  -232    92
  -449  -174   253
  -345   -31   379
  -221   171   394
   -74   363   271
   -12   444   -34
   -59   341  -314
  -181   107  -463
  -343  -140  -408
  -458  -304  -164
  -475  -318    67
  -433  -267   243
  -340  -259   344
  -190  -298   389
   -18  -280   410
    92  -156   428
   151    -8   422
   183   100   378
   207   126   352
   268    50   319
   335  -110   240
   322  -267   143
   231  -401    99
   108  -446   200
   -22  -356   362
  -123  -171   468
  -161    51   468
  -194   198   411
  -249   265   353
  -320   254   312
  -397   252   253
  -445   254   175
  -493   232    90
  -536   177    37
  -540   149   -67
  -498   156  -197
  -433    98  -323
  -341   -36  -419
  -249  -197  -430
  -151  -342  -365
   -66  -446  -256
     0  -490  -114
    46  -494    54
    34  -427   243
    55  -268   386
   135  -113   405
   202    18   376
   240   108   328
   259   174   270
   245   274   180
   210   358     4
   181   369  -131
    97   376  -231
   -22   353  -315
  -167   270  -392
  -287   179  -408
  -379   128  -383
  -418   116  -341
  -346   174  -382
  -173   337  -327
     9   450   -62
   131   300   285
    83   -75   439
  -180  -384   306
  -350  -421   119
  -465  -340   -30
  -512  -225  -131
  -469  -157  -276
  -359  -131  -396
  -199   -83  -472
     0   -59  -480
   185   -23  -405
   301    26  -282
   350    80  -163
   366    82  -107
   385   -22   -78
   368  -177    18
   285  -271   183
   174  -283   305
    53  -294   379
   -78  -285   399
  -202  -242   415
  -329  -136   399
  -441    16   313
  -497   122   195
  -516   194    54
  -491   236   -52
  -425   292  -149
  -343   336  -226
  -240   378  -249
  -100   423  -214
   140   390  -148
   323   215  -129
   387     3  -127
   378  -134  -100
   349  -229  -109
   300  -292  -149
   226  -337  -218
   151  -376  -261
   163  -355  -267
   205  -324  -263
   243  -311  -227
   283  -298  -170
   314  -276  -108
   333  -239   -65
   361  -205   -12
   368  -204    56
   363  -186    67
   356  -222   -11
   306  -287  -103
   227  -363  -160
   111  -443  -176
   -25  -508  -140
  -148  -517   -71
  -242  -510    38
  -278  -463   149
  -298  -394   264
  -311  -330   317
  -363  -283   319
  -403  -263   289
  -423  -254   272
  -413  -261   286
  -393  -257   306
  -397  -241   304
  -413  -218   317
  -422  -197   312
  -435  -170   310
  -438  -148   315
  -423  -152   332
  -422  -151   333
  -422  -151   329
  -432  -147   323
  -403  -138   350
  -388  -137   367
  -360  -134   385
  -337  -142   400
  -363  -148   385
  -344  -158   392
  -363  -147   384
  -356  -157   384