   -26  -406   369
  -198  -377   360
  -196  -378   368
  -203  -375   368
  -199  -373   371
  -201  -359   366
  -201  -377   372
  -200  -375   365
  -197  -377   366
  -202  -378   364
  -196  -372   360
  -202  -374   365
  -194  -374   366
  -199  -375   363
  -201  -379   371
  -202  -372   364
  -202  -370   364
  -200  -376   363
  -197  -378   370
  -201  -375   364
  -199  -377   364
  -202  -372   361
  -202  -373   364
  -200  -370   366
  -194  -361   365
  -196  -372   368
  -197  -372   357
  -200  -377   365
  -196  -370   368
  -202  -372   361
  -196  -369   367
  -203  -373   365
  -197  -370   365
  -199  -370   370
  -196  -379   372
  -198  -374   366
  -196  -372   358
  -209  -363   368
  -230  -348   365
  -242  -373   350
  -242  -396   324
  -254  -418   302
  -278  -422   284
  -295  -441   260
  -316  -450   220
  -331  -479   162
  -333  -492   105
  -331  -505    47
  -319  -514     2
  -317  -514   -34
  -325  -512   -73
  -328  -504   -96
  -330  -495  -129
  -326  -492  -160
  -330  -477  -190
  -321  -459  -221
  -317  -434  -261
  -304  -418  -309
  -285  -379  -364
  -254  -327  -414
  -229  -275  -452
  -218  -226  -474
  -214  -203  -483
  -198  -185  -495
  -182  -158  -503
  -149  -126  -508
  -111   -69  -521
   -53     4  -518
    -3    71  -512
    24   104  -490
    37   115  -479
    27   116  -481
    18   126  -481
    27   127  -479
    54   142  -471
    74   145  -454
    95   149  -446
   111   167  -440
   114   188  -418
   127   215  -400
   141   236  -374
   147   253  -363
   156   257  -354
   170   238  -356
   189   226  -353
   218   220  -333
   245   240  -300
   263   272  -224
   282   302  -141
   295   309   -38
   305   301    58
   299   278   148
   290   263   198
   278   248   230
   269   243   250
   267   229   274
   264   216   287
   251   193   319
   229   160   364
   229   136   382
   253   134   355
   263   122   356
   236   107   385
   207   119   404
   200   112   407
   177    94   425
   163    83   437
   151    85   441
   141   102   443
   144   112   443
   149   104   434
   169    92   430
   204    96   416
   199    82   417
   188    72   432
   176    67   432
   168    42   448
   147    39   462
   116    21   463
    97    11   482
    78   -18   488
    54   -37   498
    33   -43   503
     7   -55   510
   -18   -64   507
   -55   -75   508
   -91   -96   510
  -125  -114   510
  -154  -127   504
  -173  -136   499
  -225  -131   480
  -245  -147   474
  -227  -135   483
  -196  -134   496
  -149  -149   491
  -117  -180   494
   -97  -202   488
   -84  -221   475
   -82  -234   470
   -84  -244   466
   -77  -238   470
   -67  -252   470
   -54  -274   465
   -33  -283   458
   -12  -294   442
    -9  -306   431
    20  -325   419
    51  -344   388
   103  -396   341
   147  -427   261
   177  -461   162
   198  -474    49
   216  -470   -31
   194  -478   -87
   148  -494  -129
   115  -500  -173
    54  -513  -216
    14  -498  -259
    10  -466  -302
    50  -449  -328
    83  -438  -316
    73  -415  -350
    12  -396  -388
   -67  -380  -419
  -140  -349  -430
  -185  -299  -462
  -227  -254  -474
  -259  -204  -480
  -312  -147  -474
  -374   -83  -447
  -430   -27  -405
  -470    -2  -362
  -511    10  -312
  -534    18  -283
  -553    18  -246
  -570    17  -195
  -594     0  -126
  -604   -16   -47
  -600   -30    19
  -593   -58    81
  -581   -80   122
  -564  -105   169
  -546  -119   203
  -525  -139   220
  -507  -163   242
  -481  -195   275
  -443  -225   313
  -412  -245   332
  -384  -276   333
  -382  -298   321
  -382  -313   317
  -377  -330   309
  -367  -342   301
  -348  -356   312
  -318  -358   324
  -292  -360   340
  -267  -370   340
  -247  -381   343
  -214  -391   353
  -184  -397   357
  -154  -413   354
  -122  -425   346
  -100  -432   341
   -79  -441   335
   -72  -444   332
   -85  -454   316
   -68  -482   278
   -50  -494   262
     0  -495   251
    52  -494   227
    76  -499   210
    62  -517   180
    34  -541   140
    -2  -567    60
   -18  -576   -15
   -52  -573   -86
   -80  -560  -151
  -111  -532  -245
  -149  -485  -303
  -196  -451  -340
  -227  -409  -373
  -240  -374  -393
  -263  -336  -418
  -281  -312  -426
  -309  -281  -431
  -346  -243  -423
  -372  -202  -428
  -394  -154  -427
  -428   -79  -414
  -463    -6  -373
  -498    25  -323
  -519    40  -294
  -547    33  -245
  -565    25  -205
  -572    39  -180
  -577    62  -139
  -593    71   -63
  -595    79   -10
  -592    73    29
  -588    71    87
  -551    41   202
  -497    26   298
  -433   -19   374
  -377   -76   423
  -343  -139   436
  -333  -202   423
  -326  -245   407
  -300  -260   417
  -255  -267   434
  -225  -276   441
  -231  -298   422
  -254  -314   407
  -238  -320   404
  -226  -329   403
  -227  -344   394
  -216  -354   393
  -190  -358   393
  -156  -373   391
  -104  -385   390
   -45  -384   389
     2  -356   405
    52  -330   415
    91  -294   416
   108  -276   420
   124  -241   432
   138  -189   447
   147  -140   446
   145   -78   455
   147   -10   463
   143    48   454
   123    98   441
    87   131   446
    47   145   457
     3   154   456
   -24   169   459
   -66   169   454
   -93   163   463
  -120   151   467
  -122   149   463
  -129   132   471
  -145    96   488
  -184    83   478
  -240    71   465
  -274    30   456
  -298   -10   451
  -304   -51   458
  -291  -103   454
  -261  -158   461
  -232  -207   461
  -207  -225   458
  -199  -242   454
  -206  -278   443
  -207  -303   419
  -199  -330   413
  -194  -343   399
  -189  -342   402
  -172  -375   389
  -187  -393   358
  -196  -401   353
  -185  -401   358
  -149  -386   387
  -129  -387   388
  -111  -400   378
  -112  -392   374
   -98  -394   378
   -86  -398   385
   -92  -401   374
   -80  -399   380
   -36  -389   378
    35  -375   385
   116  -315   386
   179  -232   394
   230   -96   404
   235    32   396
   186   104   414
    94   140   441
   -42   131   471
  -185    59   477
  -318   -78   434
  -412  -252   318
  -392  -434   136
  -276  -526   -15
  -132  -552  -137
    42  -503  -229
   166  -377  -339
   161  -200  -446
    62  -124  -496
   -80   -71  -510
  -254    -6  -479
  -453    75  -316
  -534    93  -148
  -571    62   -26
  -568     6    87
  -523   -65   230
  -426  -131   348
  -295  -198   425
  -156  -271   440
    13  -336   403
   165  -336   341
   257  -287   294
   339  -220   230
   396   -61   173
   393    88   149
   331   235   141
   209   351   158
    12   428   182
  -173   414   200
  -352   339   189
  -494   211   135
  -579    -9    46
  -546  -221     2
  -451  -390    -4
  -307  -504   -11
   -74  -543  -109
   136  -481  -156
   296  -360  -118
   390  -195   -68
   414    26     1
   329   238    23
   199   368     6
    49   437   -29
  -104   457   -50
  -241   426   -52
  -337   369   -39
  -401   321   -16
  -443   268    45
  -479   181   116
  -470   112   200
  -432    49   298
  -374   -11   367
  -332   -45   396
  -336   -71   404
  -329   -73   410
  -316   -51   413
  -314   -31   419
  -256   -14   450
  -134    52   468
    -2   163   431
    65   276   339
    37   359   269
   -69   399   229
  -246   392   184
  -436   288   116
  -558    79    49
  -562  -158   -11
  -456  -370   -25
  -278  -507   -23
  -105  -555   -14
    55  -530   -43
   189  -468   -74
   274  -384  -128
   223  -316  -305
   -71  -214  -478
  -398   -40  -393
  -543   109  -105
  -490   190   151
  -359   185   336
  -168   113   457
    73    23   460
   234   -73   382
   331  -174   249
   360  -252   114
   340  -323   -21
   276  -382   -85
   216  -439  -126
   183  -459  -144
   166  -465  -132
   173  -473   -91
   165  -487   -75
   118  -506   -73
    87  -524   -56
    29  -539   -29
   -67  -552     6
  -180  -540    78
  -282  -485   157
  -358  -420   196
  -405  -356   226
  -425  -309   250
  -443  -225   294
  -454  -143   312
  -454   -42   323
  -441    87   321
  -387   235   292
  -294   348   245
  -172   420   193
   -63   448   157
    45   425   160
   151   394   129
   244   338    67
   312   274   -36
   345   185  -146
   330    90  -247
   249   -29  -368
   131  -132  -439
   -18  -244  -439
  -119  -320  -406
  -200  -377  -339
  -249  -446  -235
  -212  -520   -80
  -119  -538    58
    31  -505   149
   203  -420   158
   348  -283    87
   407  -127   -33
   392    29  -122
   336   128  -188
   318   102  -253
   319   -68  -289
   289  -185  -290
   232  -279  -298
   141  -383  -283
     6  -472  -259
  -129  -486  -236
  -285  -449  -218
  -425  -353  -191
  -530  -179  -176
  -556   -18  -148
  -537   136   -99
  -478   263   -49
  -384   366    38
  -255   417   131
   -68   433   196
    83   398   209
   207   317   225
   276   232   239
   304   117   292
   287    29   334
   239   -41   383
   204   -75   407
   176   -91   422
   151   -74   438
   120   -24   452
    80     1   463
    55     3   479
    38    20   478
    52    67   467
    62   121   447
    30   156   445
    -5   136   458
   -31    78   484
   -46    13   493
   -79   -72   501
  -111  -185   480
  -125  -279   440
  -152  -359   394
  -213  -425   310
  -276  -477   192
  -336  -478    95
  -421  -423    46
  -501  -319    29
  -568  -158    49
  -564    75    67
  -478   266    67
  -336   394   111
  -199   423   189
  -120   393   272
   -89   372   303
   -49   345   330
    27   273   376
   158   140   401
   244   -60   371
   242  -242   321
   263  -286   257
   290  -232   261
   278  -207   282
   274  -201   288
   292  -122   295
   312    20   282
   335   158   151
   312   254    18
   203   350  -112
    36   394  -231
  -143   365  -314
  -278   265  -356
  -347   168  -382
  -431    46  -369
  -475  -173  -319
  -419  -351  -236
  -318  -486  -139
  -189  -548   -58
   -40  -557    31
   120  -511    91
   263  -399   129
   343  -256   170
   373   -92   210
   368    -4   214
   351    58   218
   350    85   209
   343    98   209
   340   145   182
   327   195   134
   323   223    98
   315   248    79
   292   273    56
   275   297    86
   247   308   121
   226   320   143
   190   344   144
   155   377   129
   103   406   126
    16   433   147
  -115   425   188
  -278   324   281
  -401    67   360
  -380  -253   332
  -191  -471   240
     7  -536    93
   186  -465  -107
   323  -187  -265
   275   122  -303
   170   268  -301
    16   328  -319
  -196   282  -363
  -357   214  -316
  -490   147  -181
  -548    85    12
  -505   -54   218
  -406  -121   339
  -292  -129   419
  -165  -128   461
   -66  -110   479
    25   -62   468
   108     3   441
   151    32   423
   138    18   431
    98     5   446
    57   -77   462
    33  -193   448
   -69  -280   423
  -232  -323   368
  -363  -281   315
  -474  -167   248
  -562     0    60
  -488   147  -209
  -311   124  -409
  -223   -22  -476
  -285  -202  -418
  -405  -366  -173
  -461  -334    95
  -471  -184   253
  -461    13   305
  -361   247   290
  -192   391   248
     7   404   231
   165   340   224
   279   170   266
   281   -64   335
   108  -254   394
  -115  -291   427
  -312  -189   412
  -469   -15   318
  -555   114    70
  -503   157  -206
  -345   126  -407
  -149    14  -499
    49   -96  -478
   200  -233  -349
   259  -354  -148
   267  -379   -15
   290  -340    78
   335  -274   109
   368  -223    27
   368  -227     0
   361  -238    63
   336  -259   123
   272  -323   189
    88  -367   328
  -102  -303   419
  -202  -160   460
  -187   -93   477
  -153  -137   480
  -157  -203   459
  -254  -252   413
  -402  -235   329
  -529  -178   158
  -565  -168     1
  -579  -119   -13
  -576  -127    54
  -533  -187   140
  -425  -218   312
  -244  -174   447
    63   -80   471
   307   111   272
   285   304    56
   145   417    -3
   -35   479    17
  -227   437   135
  -341   313   257
  -407   121   345
  -386   -85   386
  -317  -266   370
  -229  -437   256
   -77  -544    34
   123  -488   -98
   311  -292  -160
   368   -75  -163
   343   145  -162
   226   325  -164
    34   413  -193
  -111   402  -239
  -242   340  -286
  -325   233  -337
  -373    98  -360
  -433    62  -310
  -435   104  -298
  -376   169  -327
  -341   132  -369
  -376    39  -380
  -459   -10  -298
  -531    41  -170
  -495   223   -36
  -324   401    21
   -84   468   -30
   144   405  -116
   337   210   -95
   404   -20   -40
   356  -250    42
   251  -378   128
   133  -427   215
    18  -425   301
  -163  -350   387
  -343  -207   399
  -491   -24   300
  -553   107   154
  -593    63    29
  -574  -187    45
  -334  -439   193
   -50  -471   269
   169  -328   331
   300  -116   314
   371    59   189
   396    95    82
   410    40    31
   389  -105   120
   241  -256   308
   -25  -223   454
  -186    -5   485
  -170   198   434
   -67   300   374
    20   300   362
    18   291   365
   -43   376   287
  -169   447   127
  -348   394  -120
  -459   138  -297
  -368  -173  -384
   -98  -367  -377
   174  -313  -312
   326  -131  -243
   341    96  -195
   230   321  -123
    27   436   -36
  -190   446   -18
  -400   328    -6
  -511   173    15
  -516   153   -10
  -502   176    29
  -478   202    74
  -435   223   164
  -387   289   145
  -399   307    58
  -422   285    30
  -416   288   -18
  -354   351   -46
  -212   420    38
   -80   401   200
    25   316   320
   174   227   305
   363   109   118
   348  -210  -121
    45  -515    19
  -382  -321   270
  -467   105   258
  -280   389   169
    -2   448   113
   182   321   211
   173   251   300
    27   292   348
  -190   380   248
  -288   422   -75
   -97   261  -412
    71   -80  -472
    90  -297  -386
   -45  -465  -255
  -163  -534   -16
  -223  -473   180
  -282  -434   216
  -304  -454   137
  -298  -482    82
  -285  -486    88
  -294  -472   120
  -294  -455   167
  -265  -444   221
  -231  -422   281
  -197  -401   317
  -153  -390   337
  -163  -390   350
  -166  -377   369
  -165  -361   381
  -145  -347   400
  -123  -339   409
  -118  -323   423
  -149  -305   431
  -202  -272   439
  -258  -260   423
  -278  -258   405
  -291  -284   386
  -269  -263   411
  -234  -283   414
  -188  -321   405
  -170  -347   399
  -121  -393   371
  -107  -401   365
  -109  -400   366
  -112  -394   360
  -111  -398   360
  -116  -402   368
  -104  -398   365
  -105  -398   371