15.713 -204 -357 365
15.814 -206 -354 362
15.916 -205 -356 359
16.018 -209 -358 359
16.119 -196 -356 362
16.221 -209 -356 358
16.323 -206 -361 362
16.424 -206 -359 356
16.526 -202 -358 364
16.628 -198 -363 365
16.729 -204 -357 362
16.831 -204 -357 362
16.933 -203 -356 362
17.035 -207 -356 362
17.136 -199 -361 363
17.238 -201 -356 365
17.339 -203 -355 364
17.441 -203 -357 364
17.543 -207 -356 362
17.645 -203 -360 364
17.746 -202 -358 365
17.848 -205 -361 365
17.950 -206 -361 365
18.052 -202 -360 365
18.153 -196 -354 360
18.255 -207 -361 363
18.356 -207 -361 365
18.458 -205 -358 365
18.560 -207 -359 365
18.662 -209 -363 361
18.763 -203 -360 360
18.865 -204 -360 359
18.967 -207 -358 363
19.068 -209 -359 362
19.170 -204 -357 365
19.272 -203 -357 364
19.373 -202 -355 364
19.475 -205 -357 362
19.577 -206 -357 361
19.678 -206 -359 362
19.780 -199 -356 360
19.882 -203 -358 363
19.984 -204 -360 365
20.085 -202 -350 362
20.187 -210 -359 365
20.289 -203 -356 359
20.390 -206 -360 362
20.492 -191 -361 366
20.594 -200 -340 378
20.696 -214 -324 397
20.798 -233 -340 370
20.899 -247 -357 355
21.001 -281 -370 329
21.103 -302 -396 292
21.205 -333 -417 240
21.306 -363 -427 178
21.408 -388 -439 119
21.510 -405 -441 54
21.612 -426 -434 9
21.714 -422 -439 -37
21.815 -411 -443 -85
21.917 -396 -442 -128
22.019 -377 -441 -160
22.121 -374 -442 -178
22.222 -364 -415 -222
22.324 -347 -392 -276
22.426 -317 -368 -338
22.528 -267 -347 -386
22.629 -234 -312 -421
22.731 -206 -278 -450
22.833 -173 -232 -476
22.935 -128 -169 -506
23.037 -84 -102 -512
23.138 -42 -31 -521
23.240 10 32 -502
23.342 56 72 -490
23.444 73 70 -490
23.546 88 82 -473
23.647 108 119 -454
23.749 129 182 -417
23.851 147 211 -402
23.952 156 223 -380
24.054 174 220 -373
24.156 184 229 -360
24.258 196 256 -332
24.359 203 312 -272
24.461 221 340 -203
24.563 235 349 -155
24.665 238 345 -109
24.766 261 347 -47
24.868 268 342 23
24.970 270 330 87
25.071 265 316 140
25.173 247 296 210
25.275 224 247 302
25.376 197 164 377
25.478 172 98 417
25.580 140 62 450
25.682 107 40 461
25.784 74 2 485
25.885 43 -35 490
25.987 2 -75 500
26.089 -35 -127 500
26.190 -84 -194 477
26.292 -125 -321 430
26.394 -165 -400 346
26.495 -209 -461 272
26.597 -224 -484 233
26.699 -233 -492 260
26.801 -219 -468 297
26.902 -203 -447 318
27.004 -207 -457 319
27.106 -203 -468 300
27.207 -212 -484 272
27.309 -210 -499 264
27.411 -202 -503 252
27.513 -174 -522 234
27.614 -161 -522 231
27.716 -144 -519 234
27.818 -111 -530 231
27.919 -77 -528 231
28.021 -36 -518 245
28.123 4 -526 217
28.225 43 -541 152
28.326 72 -543 49
28.428 93 -532 -41
28.530 107 -520 -135
28.631 101 -498 -207
28.733 91 -478 -254
28.835 84 -458 -285
28.937 80 -415 -337
29.038 60 -353 -405
29.140 36 -275 -462
29.242 -3 -238 -481
29.343 -42 -201 -503
29.445 -93 -151 -518
29.547 -137 -103 -529
29.649 -194 -67 -519
29.751 -239 -44 -510
29.852 -274 -13 -495
29.954 -314 0 -476
30.056 -361 0 -453
30.157 -387 11 -429
30.259 -419 2 -409
30.360 -435 11 -404
30.462 -462 27 -366
30.564 -481 29 -349
30.666 -494 39 -337
30.768 -510 49 -308
30.869 -521 51 -292
30.971 -518 63 -290
31.073 -531 80 -268
31.174 -541 77 -245
31.276 -556 59 -227
31.378 -564 56 -207
31.480 -574 33 -198
31.581 -588 16 -170
31.683 -595 26 -129
31.785 -606 39 -64
31.887 -599 36 -4
31.988 -605 18 60
32.090 -572 11 140
32.192 -548 15 202
32.293 -537 11 230
32.395 -521 5 245
32.497 -523 11 258
32.598 -515 7 266
32.700 -503 -17 282
32.802 -479 -58 310
32.904 -468 -93 320
33.006 -468 -114 321
33.108 -443 -139 343
33.209 -404 -169 362
33.311 -376 -169 379
33.413 -353 -168 390
33.515 -334 -170 402
33.617 -296 -179 423
33.718 -275 -200 429
33.820 -265 -225 426
33.922 -272 -243 408
34.024 -305 -241 398
34.125 -332 -223 385
34.227 -319 -227 390
34.329 -292 -278 379
34.430 -298 -340 338
34.532 -281 -403 295
34.634 -242 -407 294
34.735 -197 -423 304
34.837 -185 -448 290
34.939 -207 -436 287
35.041 -261 -405 305
35.143 -294 -368 324
35.245 -321 -317 349
35.346 -353 -246 369
35.448 -385 -168 370
35.550 -417 -68 362
35.652 -430 20 346
35.753 -408 93 344
35.855 -363 169 346
35.957 -315 229 347
36.059 -280 258 343
36.161 -258 274 334
36.262 -201 292 348
36.364 -129 294 361
36.466 -83 291 365
36.567 -39 284 374
36.669 -14 269 376
36.771 11 254 388
36.872 36 239 386
36.974 74 223 385
37.076 122 208 372
37.178 154 202 356
37.279 154 207 356
37.381 135 229 356
37.483 111 210 373
37.585 115 215 372
37.687 155 189 364
37.788 197 128 362
37.890 223 71 366
37.992 239 33 363
38.094 251 11 355
38.196 258 -24 356
38.297 257 -56 362
38.399 243 -76 373
38.501 214 -126 390
38.603 190 -158 399
38.704 216 -160 374
38.806 282 -192 298
38.908 268 -230 292
39.009 213 -270 320
39.111 185 -297 329
39.213 189 -302 309
39.314 204 -312 306
39.416 209 -317 294
39.518 203 -327 292
39.620 191 -345 304
39.722 169 -363 297
39.823 145 -380 291
39.925 136 -383 300
40.027 132 -373 305
40.128 137 -352 323
40.230 149 -332 332
40.332 172 -313 331
40.433 202 -291 324
40.535 209 -266 325
40.637 190 -307 328
40.739 147 -377 298
40.841 91 -436 272
40.943 34 -479 249
41.044 -29 -494 239
41.146 -77 -488 241
41.248 -140 -479 243
41.350 -199 -466 243
41.451 -253 -434 229
41.553 -304 -420 198
41.655 -343 -408 158
41.757 -348 -416 154
41.859 -296 -443 151
41.960 -221 -496 143
42.062 -129 -534 117
42.164 9 -543 96
42.265 137 -511 64
42.367 236 -456 4
42.469 304 -365 -5
42.571 370 -227 27
42.673 381 -52 100
42.775 323 143 182
42.876 174 283 278
42.978 -18 349 324
43.080 -167 361 315
43.182 -287 364 263
43.284 -396 319 164
43.386 -465 296 -61
43.487 -379 285 -261
43.589 -257 289 -356
43.691 -242 349 -306
43.793 -337 410 -112
43.895 -377 377 113
43.997 -383 225 282
44.098 -207 48 455
44.200 49 -100 451
44.302 252 -233 299
44.404 360 -243 73
44.505 376 -179 -87
44.607 359 -23 -183
44.709 317 135 -223
44.810 230 302 -207
44.912 98 420 -165
45.014 -100 483 -149
45.115 -267 454 -151
45.217 -394 372 -160
45.319 -466 202 -217
45.421 -451 -31 -312
45.523 -323 -178 -390
45.624 -220 -148 -447
45.726 -240 3 -467
45.828 -385 198 -326
45.929 -459 325 -68
46.031 -399 325 209
46.133 -239 219 391
46.235 -73 36 478
46.336 63 -136 446
46.438 149 -281 365
46.540 202 -356 258
46.642 238 -396 144
46.744 254 -420 52
46.845 259 -419 -53
46.947 247 -381 -184
47.049 205 -364 -255
47.150 187 -377 -259
47.252 194 -390 -241
47.354 196 -403 -222
47.456 182 -430 -191
47.557 168 -454 -162
47.659 182 -458 -125
47.761 189 -465 -76
47.863 196 -474 -3
47.964 165 -485 105
48.066 114 -467 204
48.168 67 -454 227
48.270 27 -469 227
48.372 9 -477 210
48.473 4 -469 214
48.575 30 -457 234
48.677 54 -441 245
48.779 105 -437 220
48.880 152 -441 174
48.982 194 -433 122
49.084 213 -430 91
49.186 207 -429 102
49.287 224 -416 94
49.389 252 -396 80
49.491 292 -370 45
49.593 300 -341 -4
49.694 284 -342 -56
49.796 250 -366 -120
49.898 229 -382 -158
50.000 209 -394 -194
50.101 192 -381 -207
50.203 192 -370 -216
50.305 197 -365 -207
50.407 194 -387 -201
50.509 196 -396 -165
50.610 214 -408 -98
50.712 222 -402 -38
50.814 224 -406 -55
50.915 202 -416 -118
51.017 147 -423 -158
51.119 100 -463 -155
51.221 29 -501 -98
51.323 -7 -519 -46
51.424 4 -524 -35
51.526 -18 -510 -6
51.628 -31 -501 -2
51.730 -27 -496 67
51.831 9 -441 209
51.933 87 -299 346
52.035 160 -188 379
52.136 227 -95 358
52.238 265 6 332
52.340 289 108 271
52.442 331 183 134
52.544 345 207 -45
52.645 266 207 -262
52.747 102 221 -383
52.849 -31 246 -410
52.950 -109 278 -394
53.052 -147 281 -387
53.154 -202 239 -401
53.256 -285 217 -376
53.357 -300 229 -356
53.459 -198 281 -374
53.561 -50 370 -299
53.663 30 441 -149
53.764 4 463 5
53.866 -77 463 112
53.968 -190 436 153
54.069 -336 393 109
54.171 -457 294 -72
54.273 -453 160 -281
54.375 -345 -34 -435
54.477 -267 -254 -411
54.578 -229 -454 -210
54.680 -96 -527 -29
54.782 62 -505 59
54.883 246 -370 120
54.985 369 -136 126
55.087 396 56 0
55.188 319 164 -204
55.290 156 201 -361
55.392 -43 166 -452
55.494 -214 86 -465
55.596 -345 -42 -422
55.697 -402 -190 -341
55.799 -366 -323 -290
55.901 -243 -383 -319
56.002 -170 -347 -379
56.104 -224 -266 -419
56.206 -264 -138 -441
56.308 -239 -5 -468
56.409 -239 128 -439
56.511 -241 233 -380
56.613 -266 308 -306
56.715 -312 323 -250
56.816 -368 289 -243
56.918 -407 264 -225
57.020 -430 281 -143
57.121 -412 337 0
57.223 -401 345 75
57.325 -421 328 73
57.427 -428 321 -43
57.529 -333 366 -195
57.630 -294 342 -241
57.732 -333 318 -258
57.834 -361 231 -324
57.935 -220 110 -461
58.037 -86 9 -496
58.139 -121 -126 -490
58.240 -290 -252 -397
58.342 -485 -284 -139
58.444 -407 -238 286
58.546 -62 -154 461
58.648 247 -48 344
58.749 350 80 175
58.851 276 282 104
58.953 127 421 -27
59.054 -134 414 -210
59.156 -414 267 -233
59.258 -556 58 -105
59.360 -544 -212 -30
59.461 -360 -439 -83
59.563 -178 -479 -209
59.665 -36 -364 -367
59.767 51 -176 -445
59.869 56 47 -459
59.971 55 245 -360
60.072 35 400 -164
60.174 -35 454 -15
60.276 -119 439 103
60.378 -219 385 200
60.480 -354 317 200
60.581 -461 248 131
60.683 -512 195 19
60.785 -488 166 -177
60.887 -417 205 -263
60.988 -416 281 -187
61.090 -358 356 -178
61.192 -216 410 -227
61.293 -29 421 -240
61.395 124 332 -267
61.497 113 141 -425
61.599 -219 -110 -474
61.701 -497 -282 -100
61.802 -451 -302 178
61.904 -410 -323 223
62.006 -423 -334 183
62.107 -466 -290 174
62.209 -524 -174 146
62.311 -569 1 36
62.412 -516 197 -34
62.514 -401 347 31
62.616 -319 394 119
62.718 -321 383 156
62.820 -328 376 145
62.921 -217 420 177
63.023 17 447 124
63.125 255 340 2
63.226 358 58 -198
63.328 138 -249 -386
63.430 -127 -456 -284
63.532 -232 -485 -163
63.633 -239 -503 -92
63.735 -236 -494 -125
63.837 -225 -492 -165
63.939 -202 -485 -176
64.040 -190 -490 -180
64.142 -176 -495 -186
64.244 -147 -477 -221
64.345 -138 -456 -263
64.447 -125 -441 -285
64.549 -127 -415 -321
64.651 -185 -363 -356
64.753 -283 -314 -351
64.854 -352 -290 -308
64.956 -378 -345 -222
65.058 -336 -436 -76
65.160 -227 -500 9
65.261 -83 -528 38
65.363 82 -497 -37
65.465 189 -363 -254
65.566 155 -218 -390
65.668 99 -122 -446
65.770 57 -27 -462
65.872 30 137 -442
65.974 18 302 -338
66.075 10 394 -202
66.177 13 426 -119
66.279 65 417 -98
66.380 115 401 -117
66.482 194 309 -214
66.584 271 100 -318
66.686 335 -194 -221
66.788 336 -314 0
66.890 272 -300 241
66.991 164 -186 399
67.093 1 2 475
67.195 -113 193 433
67.296 -202 355 264
67.398 -256 417 120
67.500 -296 410 56
67.601 -325 399 63
67.703 -329 398 21
67.805 -306 405 -58
67.907 -214 433 -131
68.009 -21 450 -151
68.110 133 417 -31
68.212 260 304 102
68.314 337 131 193
68.415 319 -119 274
68.517 210 -238 339
68.619 82 -161 441
68.721 -63 21 479
68.823 -217 150 416
68.924 -346 145 358
69.026 -421 66 321
69.128 -461 16 287
69.229 -476 16 280
69.331 -456 103 268
69.433 -399 219 250
69.534 -316 332 183
69.636 -246 407 82
69.738 -192 419 -56
69.840 -159 372 -234
69.942 -184 243 -384
70.043 -272 -39 -442
70.145 -339 -307 -308
70.247 -335 -441 -67
70.349 -296 -428 175
70.450 -205 -256 397
70.552 -137 -22 459
70.654 -88 165 427
70.755 -30 262 365
70.857 18 267 354
70.959 15 278 343
71.061 -16 332 303
71.163 -55 401 214
71.264 -82 437 125
71.366 -141 454 53
71.468 -176 451 26
71.569 -199 443 -6
71.671 -220 435 -5
71.773 -254 423 -5
71.875 -287 401 -27
71.976 -301 392 -47
72.078 -299 398 -41
72.180 -280 408 -41
72.281 -272 403 -95
72.383 -278 379 -162
72.485 -289 345 -239
72.587 -300 266 -310
72.688 -315 185 -365
72.790 -329 82 -399
72.892 -359 -3 -405
72.994 -405 -113 -359
73.095 -445 -227 -272
73.197 -447 -325 -142
73.299 -422 -386 -3
73.401 -387 -381 141
73.502 -385 -313 240
73.604 -390 -240 308
73.706 -405 -115 341
73.807 -419 -67 343
73.909 -413 -148 332
74.011 -398 -296 264
74.113 -381 -401 128
74.215 -376 -423 -7
74.316 -338 -441 -111
74.418 -256 -463 -195
74.520 -149 -445 -262
74.621 -17 -392 -325
74.723 87 -261 -400
74.825 127 -64 -438
74.927 127 152 -396
75.028 105 331 -276
75.130 88 412 -125
75.232 51 439 67
75.334 -20 386 250
75.435 -165 311 327
75.537 -332 283 272
75.639 -426 289 119
75.741 -483 241 -52
75.842 -480 176 -190
75.944 -425 183 -283
76.046 -343 249 -311
76.148 -229 357 -269
76.249 -80 446 -131
76.351 35 452 25
76.453 77 410 155
76.554 49 339 283
76.656 13 216 396
76.758 -87 160 438
76.860 -199 112 437
76.962 -294 38 414
77.063 -421 -58 321
77.165 -504 -105 192
77.267 -519 -144 107
77.368 -518 -210 56
77.470 -493 -232 92
77.572 -449 -174 253
77.673 -345 -31 379
77.775 -221 171 394
77.877 -74 363 271
77.979 -12 444 -34
78.080 -59 341 -314
78.182 -181 107 -463
78.284 -343 -140 -408
78.385 -458 -304 -164
78.487 -475 -318 67
78.589 -433 -267 243
78.691 -340 -259 344
78.793 -190 -298 389
78.894 -18 -280 410
78.996 92 -156 428
79.098 151 -8 422
79.200 183 100 378
79.301 207 126 352
79.403 268 50 319
79.505 335 -110 240
79.606 322 -267 143
79.708 231 -401 99
79.810 108 -446 200
79.912 -22 -356 362
80.014 -123 -171 468
80.115 -161 51 468
80.217 -194 198 411
80.319 -249 265 353
80.421 -320 254 312
80.522 -397 252 253
80.624 -445 254 175
80.726 -493 232 90
80.828 -536 177 37
80.929 -540 149 -67
81.031 -498 156 -197
81.133 -433 98 -323
81.235 -341 -36 -419
81.336 -249 -197 -430
81.438 -151 -342 -365
81.540 -66 -446 -256
81.641 0 -490 -114
81.743 46 -494 54
81.845 34 -427 243
81.947 55 -268 386
82.049 135 -113 405
82.150 202 18 376
82.252 240 108 328
82.354 259 174 270
82.455 245 274 180
82.557 210 358 4
82.659 181 369 -131
82.761 97 376 -231
82.862 -22 353 -315
82.964 -167 270 -392
83.066 -287 179 -408
83.168 -379 128 -383
83.269 -418 116 -341
83.371 -346 174 -382
83.473 -173 337 -327
83.574 9 450 -62
83.676 131 300 285
83.778 83 -75 439
83.880 -180 -384 306
83.982 -350 -421 119
84.083 -465 -340 -30
84.185 -512 -225 -131
84.287 -469 -157 -276
84.388 -359 -131 -396
84.490 -199 -83 -472
84.592 0 -59 -480
84.694 185 -23 -405
84.795 301 26 -282
84.897 350 80 -163
84.999 366 82 -107
85.101 385 -22 -78
85.202 368 -177 18
85.304 285 -271 183
85.406 174 -283 305
85.507 53 -294 379
85.609 -78 -285 399
85.711 -202 -242 415
85.813 -329 -136 399
85.914 -441 16 313
86.016 -497 122 195
86.118 -516 194 54
86.220 -491 236 -52
86.321 -425 292 -149
86.423 -343 336 -226
86.525 -240 378 -249
86.626 -100 423 -214
86.728 140 390 -148
86.830 323 215 -129
86.932 387 3 -127
87.034 378 -134 -100
87.135 349 -229 -109
87.237 300 -292 -149
87.339 226 -337 -218
87.441 151 -376 -261
87.542 163 -355 -267
87.644 205 -324 -263
87.746 243 -311 -227
87.848 283 -298 -170
87.949 314 -276 -108
88.051 333 -239 -65
88.153 361 -205 -12
88.255 368 -204 56
88.356 363 -186 67
88.458 356 -222 -11
88.560 306 -287 -103
88.662 227 -363 -160
88.763 111 -443 -176
88.865 -25 -508 -140
88.967 -148 -517 -71
89.069 -242 -510 38
89.171 -278 -463 149
89.272 -298 -394 264
89.374 -311 -330 317
89.476 -363 -283 319
89.577 -403 -263 289
89.679 -423 -254 272
89.781 -413 -261 286
89.883 -393 -257 306
89.984 -397 -241 304
90.086 -413 -218 317
90.188 -422 -197 312
90.290 -435 -170 310
90.391 -438 -148 315
90.493 -423 -152 332
90.595 -422 -151 333
90.696 -422 -151 329
90.798 -432 -147 323
90.900 -403 -138 350
91.002 -388 -137 367
91.104 -360 -134 385
91.205 -337 -142 400
91.307 -363 -148 385
91.409 -344 -158 392
91.510 -363 -147 384
91.612 -356 -157 384